0.03116,0.00000,0.01818,0.00000,0.00000,0.00000,0.00000

durPSP: 0
durMC: 0
